pos:0, dYdX:-204.9931; totalDist:0; dist:0; theta:-0.2797574; fieldPos:(18.55149, -24.11592);
pos:1, dYdX:0; totalDist:64.73089; dist:64.73089; theta:0; fieldPos:(18.23572, 40.6142);
BREAK
